#angles
# default values 
#     0   0   0   0   0   -90 -90 -90 90  0   90  0   0   0   0   0   0,  90  90  0   0   -90 90  0   0
#
# index klbu v Kostrianovej chodzi
#     4   2   0       6                           8   5   3       1   7
#
# {{-10,10,10,-10,0,-5,0,0,0},{-23,-5,29,-14,-4,-15,-17,-23,17},{21,-6,-17,-22,-4,19,-27,-19,8}}
#
#time 0   1   2   3   4   5   6   7   8   9   10  11  12  13  14  15  16  17  18  19  20  21  22  23  24 
0     -4  10  -10 0   0   -90 -70 -90 90  0   90  0   -5  -10 0   10  -23 90  90  0   0   -90 90  0   0
1000  0   29  -23 0   -17 -90 -70 -90 90  0   90  17  -15 -14 0   -5  0   90  90  0   0   -90 90  0   0
2000  -4  -17 21  0   -27 -90 -70 -90 90  0   90  8   19  -22 0   -6  -19 90  90  0   0   -90 90  0   0
