#time 0   1   2   3   4   5   6   7   8   9   10  11  12  13  14  15  16  17  18  19  20  21  22  23  24  
0     328 320 400 480 309 180 468 349 290 200 445 320 303 312 207 260 417 530 312 320 290 170 176 399 286 
1000  328 320 400 480 309 180 326 157 290 200 445 320 303 312 207 260 417 530 312 320 290 170 176 399 286 
1501  328 320 400 480 309 363 326 157 290 200 445 320 303 312 207 260 417 530 312 320 290 170 176 399 286 
2002  328 320 400 480 309 150 276 157 290 200 445 320 303 312 207 260 417 530 312 320 290 170 176 399 286 
2500  328 320 400 480 309 363 326 157 290 200 445 320 303 312 207 260 417 530 312 320 290 170 176 399 286 
3000  328 320 400 480 309 150 276 157 290 200 445 320 303 312 207 260 417 530 312 320 290 170 176 399 286 
3500  328 320 400 480 309 363 326 157 290 200 445 320 303 312 207 260 417 530 312 320 290 170 176 399 286 
4000  328 320 400 480 309 150 276 157 290 200 445 320 303 312 207 260 417 530 312 320 290 170 176 399 286 
4500  328 320 400 480 309 363 326 157 290 200 445 320 303 312 207 260 417 530 312 320 290 170 176 399 286 
5000  328 320 400 480 309 150 276 157 290 200 445 320 303 312 207 260 417 530 312 320 290 170 176 399 286 
5500  328 320 400 480 309 363 326 157 290 200 445 320 303 312 207 260 417 530 312 320 290 170 176 399 286 
